1 0.
1 0, 2 0.
1 0, 3 0.
1 0, 4 0.
1 0, 5 0.
1 0, 6 0.
1 0, 7 0.
1 0, 8 0.
1 0, 9 0.
1 0, 10 0.
1 0, 11 0.
1 0, 12 0.
1 0, 13 0.
1 0, 14 0.
1 0, 15 1.
1 0, 15 2.
1 0, 15 3.
1 0, 15 6.
1 0, 15 9.
1 0, 15 12.
1 0, 15 15.
1 0, 15 18.
1 0, 14 19.
1 0, 13 19.
1 0, 12 19.
1 0, 11 19.
1 0, 10 19.
1 0, 9 19.
1 0, 8 19.
1 0, 7 19.
1 0, 6 19.
1 0, 5 19.
1 0, 4 19.
1 0, 3 19.
1 0, 2 19.
1 0, 1 19.
1 0, 0 18.
1 0, 0 15.
1 0, 0 12.
1 0, 0 9.
1 0, 0 6.
1 0, 0 3.
1 0, 0 2.
1 0, 0 1.
2 0, 1 0.
2 0.
2 0, 3 0.
2 0, 4 0.
2 0, 5 0.
2 0, 6 0.
2 0, 7 0.
2 0, 8 0.
2 0, 9 0.
2 0, 10 0.
2 0, 11 0.
2 0, 12 0.
2 0, 13 0.
2 0, 14 0.
2 0, 15 1.
2 0, 15 2.
2 0, 15 3.
2 0, 15 6.
2 0, 15 9.
2 0, 15 12.
2 0, 15 15.
2 0, 15 18.
2 0, 14 19.
2 0, 13 19.
2 0, 12 19.
2 0, 11 19.
2 0, 10 19.
2 0, 9 19.
2 0, 8 19.
2 0, 7 19.
2 0, 6 19.
2 0, 5 19.
2 0, 4 19.
2 0, 3 19.
2 0, 2 19.
2 0, 1 19.
2 0, 0 18.
2 0, 0 15.
2 0, 0 12.
2 0, 0 9.
2 0, 0 6.
2 0, 0 3.
2 0, 0 2.
2 0, 0 1.
3 0, 1 0.
3 0, 2 0.
3 0.
3 0, 4 0.
3 0, 5 0.
3 0, 6 0.
3 0, 7 0.
3 0, 8 0.
3 0, 9 0.
3 0, 10 0.
3 0, 11 0.
3 0, 12 0.
3 0, 13 0.
3 0, 14 0.
3 0, 15 1.
3 0, 15 2.
3 0, 15 3.
3 0, 15 6.
3 0, 15 9.
3 0, 15 12.
3 0, 15 15.
3 0, 15 18.
3 0, 14 19.
3 0, 13 19.
3 0, 12 19.
3 0, 11 19.
3 0, 10 19.
3 0, 9 19.
3 0, 8 19.
3 0, 7 19.
3 0, 6 19.
3 0, 5 19.
3 0, 4 19.
3 0, 3 19.
3 0, 2 19.
3 0, 1 19.
3 0, 0 18.
3 0, 0 15.
3 0, 0 12.
3 0, 0 9.
3 0, 0 6.
3 0, 0 3.
3 0, 0 2.
3 0, 0 1.
4 0, 1 0.
4 0, 2 0.
4 0, 3 0.
4 0.
4 0, 5 0.
4 0, 6 0.
4 0, 7 0.
4 0, 8 0.
4 0, 9 0.
4 0, 10 0.
4 0, 11 0.
4 0, 12 0.
4 0, 13 0.
4 0, 14 0.
4 0, 15 1.
4 0, 15 2.
4 0, 15 3.
4 0, 15 6.
4 0, 15 9.
4 0, 15 12.
4 0, 15 15.
4 0, 15 18.
4 0, 14 19.
4 0, 13 19.
4 0, 12 19.
4 0, 11 19.
4 0, 10 19.
4 0, 9 19.
4 0, 8 19.
4 0, 7 19.
4 0, 6 19.
4 0, 5 19.
4 0, 4 19.
4 0, 3 19.
4 0, 2 19.
4 0, 1 19.
4 0, 0 18.
4 0, 0 15.
4 0, 0 12.
4 0, 0 9.
4 0, 0 6.
4 0, 0 3.
4 0, 0 2.
4 0, 0 1.
5 0, 1 0.
5 0, 2 0.
5 0, 3 0.
5 0, 4 0.
5 0.
5 0, 6 0.
5 0, 7 0.
5 0, 8 0.
5 0, 9 0.
5 0, 10 0.
5 0, 11 0.
5 0, 12 0.
5 0, 13 0.
5 0, 14 0.
5 0, 15 1.
5 0, 15 2.
5 0, 15 3.
5 0, 15 6.
5 0, 15 9.
5 0, 15 12.
5 0, 15 15.
5 0, 15 18.
5 0, 14 19.
5 0, 13 19.
5 0, 12 19.
5 0, 11 19.
5 0, 10 19.
5 0, 9 19.
5 0, 8 19.
5 0, 7 19.
5 0, 6 19.
5 0, 5 19.
5 0, 4 19.
5 0, 3 19.
5 0, 2 19.
5 0, 1 19.
5 0, 0 18.
5 0, 0 15.
5 0, 0 12.
5 0, 0 9.
5 0, 0 6.
5 0, 0 3.
5 0, 0 2.
5 0, 0 1.
6 0, 1 0.
6 0, 2 0.
6 0, 3 0.
6 0, 4 0.
6 0, 5 0.
6 0.
6 0, 7 0.
6 0, 8 0.
6 0, 9 0.
6 0, 10 0.
6 0, 11 0.
6 0, 12 0.
6 0, 13 0.
6 0, 14 0.
6 0, 15 1.
6 0, 15 2.
6 0, 15 3.
6 0, 15 6.
6 0, 15 9.
6 0, 15 12.
6 0, 15 15.
6 0, 15 18.
6 0, 14 19.
6 0, 13 19.
6 0, 12 19.
6 0, 11 19.
6 0, 10 19.
6 0, 9 19.
6 0, 8 19.
6 0, 7 19.
6 0, 6 19.
6 0, 5 19.
6 0, 4 19.
6 0, 3 19.
6 0, 2 19.
6 0, 1 19.
6 0, 0 18.
6 0, 0 15.
6 0, 0 12.
6 0, 0 9.
6 0, 0 6.
6 0, 0 3.
6 0, 0 2.
6 0, 0 1.
7 0, 1 0.
7 0, 2 0.
7 0, 3 0.
7 0, 4 0.
7 0, 5 0.
7 0, 6 0.
7 0.
7 0, 8 0.
7 0, 9 0.
7 0, 10 0.
7 0, 11 0.
7 0, 12 0.
7 0, 13 0.
7 0, 14 0.
7 0, 15 1.
7 0, 15 2.
7 0, 15 3.
7 0, 15 6.
7 0, 15 9.
7 0, 15 12.
7 0, 15 15.
7 0, 15 18.
7 0, 14 19.
7 0, 13 19.
7 0, 12 19.
7 0, 11 19.
7 0, 10 19.
7 0, 9 19.
7 0, 8 19.
7 0, 7 19.
7 0, 6 19.
7 0, 5 19.
7 0, 4 19.
7 0, 3 19.
7 0, 2 19.
7 0, 1 19.
7 0, 0 18.
7 0, 0 15.
7 0, 0 12.
7 0, 0 9.
7 0, 0 6.
7 0, 0 3.
7 0, 0 2.
7 0, 0 1.
8 0, 1 0.
8 0, 2 0.
8 0, 3 0.
8 0, 4 0.
8 0, 5 0.
8 0, 6 0.
8 0, 7 0.
8 0.
8 0, 9 0.
8 0, 10 0.
8 0, 11 0.
8 0, 12 0.
8 0, 13 0.
8 0, 14 0.
8 0, 15 1.
8 0, 15 2.
8 0, 15 3.
8 0, 15 6.
8 0, 15 9.
8 0, 15 12.
8 0, 15 15.
8 0, 15 18.
8 0, 14 19.
8 0, 13 19.
8 0, 12 19.
8 0, 11 19.
8 0, 10 19.
8 0, 9 19.
8 0, 8 19.
8 0, 7 19.
8 0, 6 19.
8 0, 5 19.
8 0, 4 19.
8 0, 3 19.
8 0, 2 19.
8 0, 1 19.
8 0, 0 18.
8 0, 0 15.
8 0, 0 12.
8 0, 0 9.
8 0, 0 6.
8 0, 0 3.
8 0, 0 2.
8 0, 0 1.
9 0, 1 0.
9 0, 2 0.
9 0, 3 0.
9 0, 4 0.
9 0, 5 0.
9 0, 6 0.
9 0, 7 0.
9 0, 8 0.
9 0.
9 0, 10 0.
9 0, 11 0.
9 0, 12 0.
9 0, 13 0.
9 0, 14 0.
9 0, 15 1.
9 0, 15 2.
9 0, 15 3.
9 0, 15 6.
9 0, 15 9.
9 0, 15 12.
9 0, 15 15.
9 0, 15 18.
9 0, 14 19.
9 0, 13 19.
9 0, 12 19.
9 0, 11 19.
9 0, 10 19.
9 0, 9 19.
9 0, 8 19.
9 0, 7 19.
9 0, 6 19.
9 0, 5 19.
9 0, 4 19.
9 0, 3 19.
9 0, 2 19.
9 0, 1 19.
9 0, 0 18.
9 0, 0 15.
9 0, 0 12.
9 0, 0 9.
9 0, 0 6.
9 0, 0 3.
9 0, 0 2.
9 0, 0 1.
10 0, 1 0.
10 0, 2 0.
10 0, 3 0.
10 0, 4 0.
10 0, 5 0.
10 0, 6 0.
10 0, 7 0.
10 0, 8 0.
10 0, 9 0.
10 0.
10 0, 11 0.
10 0, 12 0.
10 0, 13 0.
10 0, 14 0.
10 0, 15 1.
10 0, 15 2.
10 0, 15 3.
10 0, 15 6.
10 0, 15 9.
10 0, 15 12.
10 0, 15 15.
10 0, 15 18.
10 0, 14 19.
10 0, 13 19.
10 0, 12 19.
10 0, 11 19.
10 0, 10 19.
10 0, 9 19.
10 0, 8 19.
10 0, 7 19.
10 0, 6 19.
10 0, 5 19.
10 0, 4 19.
10 0, 3 19.
10 0, 2 19.
10 0, 1 19.
10 0, 0 18.
10 0, 0 15.
10 0, 0 12.
10 0, 0 9.
10 0, 0 6.
10 0, 0 3.
10 0, 0 2.
10 0, 0 1.
11 0, 1 0.
11 0, 2 0.
11 0, 3 0.
11 0, 4 0.
11 0, 5 0.
11 0, 6 0.
11 0, 7 0.
11 0, 8 0.
11 0, 9 0.
11 0, 10 0.
11 0.
11 0, 12 0.
11 0, 13 0.
11 0, 14 0.
11 0, 15 1.
11 0, 15 2.
11 0, 15 3.
11 0, 15 6.
11 0, 15 9.
11 0, 15 12.
11 0, 15 15.
11 0, 15 18.
11 0, 14 19.
11 0, 13 19.
11 0, 12 19.
11 0, 11 19.
11 0, 10 19.
11 0, 9 19.
11 0, 8 19.
11 0, 7 19.
11 0, 6 19.
11 0, 5 19.
11 0, 4 19.
11 0, 3 19.
11 0, 2 19.
11 0, 1 19.
11 0, 0 18.
11 0, 0 15.
11 0, 0 12.
11 0, 0 9.
11 0, 0 6.
11 0, 0 3.
11 0, 0 2.
11 0, 0 1.
12 0, 1 0.
12 0, 2 0.
12 0, 3 0.
12 0, 4 0.
12 0, 5 0.
12 0, 6 0.
12 0, 7 0.
12 0, 8 0.
12 0, 9 0.
12 0, 10 0.
12 0, 11 0.
12 0.
12 0, 13 0.
12 0, 14 0.
12 0, 15 1.
12 0, 15 2.
12 0, 15 3.
12 0, 15 6.
12 0, 15 9.
12 0, 15 12.
12 0, 15 15.
12 0, 15 18.
12 0, 14 19.
12 0, 13 19.
12 0, 12 19.
12 0, 11 19.
12 0, 10 19.
12 0, 9 19.
12 0, 8 19.
12 0, 7 19.
12 0, 6 19.
12 0, 5 19.
12 0, 4 19.
12 0, 3 19.
12 0, 2 19.
12 0, 1 19.
12 0, 0 18.
12 0, 0 15.
12 0, 0 12.
12 0, 0 9.
12 0, 0 6.
12 0, 0 3.
12 0, 0 2.
12 0, 0 1.
13 0, 1 0.
13 0, 2 0.
13 0, 3 0.
13 0, 4 0.
13 0, 5 0.
13 0, 6 0.
13 0, 7 0.
13 0, 8 0.
13 0, 9 0.
13 0, 10 0.
13 0, 11 0.
13 0, 12 0.
13 0.
13 0, 14 0.
13 0, 15 1.
13 0, 15 2.
13 0, 15 3.
13 0, 15 6.
13 0, 15 9.
13 0, 15 12.
13 0, 15 15.
13 0, 15 18.
13 0, 14 19.
13 0, 13 19.
13 0, 12 19.
13 0, 11 19.
13 0, 10 19.
13 0, 9 19.
13 0, 8 19.
13 0, 7 19.
13 0, 6 19.
13 0, 5 19.
13 0, 4 19.
13 0, 3 19.
13 0, 2 19.
13 0, 1 19.
13 0, 0 18.
13 0, 0 15.
13 0, 0 12.
13 0, 0 9.
13 0, 0 6.
13 0, 0 3.
13 0, 0 2.
13 0, 0 1.
14 0, 1 0.
14 0, 2 0.
14 0, 3 0.
14 0, 4 0.
14 0, 5 0.
14 0, 6 0.
14 0, 7 0.
14 0, 8 0.
14 0, 9 0.
14 0, 10 0.
14 0, 11 0.
14 0, 12 0.
14 0, 13 0.
14 0.
14 0, 15 1.
14 0, 15 2.
14 0, 15 3.
14 0, 15 6.
14 0, 15 9.
14 0, 15 12.
14 0, 15 15.
14 0, 15 18.
14 0, 14 19.
14 0, 13 19.
14 0, 12 19.
14 0, 11 19.
14 0, 10 19.
14 0, 9 19.
14 0, 8 19.
14 0, 7 19.
14 0, 6 19.
14 0, 5 19.
14 0, 4 19.
14 0, 3 19.
14 0, 2 19.
14 0, 1 19.
14 0, 0 18.
14 0, 0 15.
14 0, 0 12.
14 0, 0 9.
14 0, 0 6.
14 0, 0 3.
14 0, 0 2.
14 0, 0 1.
15 1, 1 0.
15 1, 2 0.
15 1, 3 0.
15 1, 4 0.
15 1, 5 0.
15 1, 6 0.
15 1, 7 0.
15 1, 8 0.
15 1, 9 0.
15 1, 10 0.
15 1, 11 0.
15 1, 12 0.
15 1, 13 0.
15 1, 14 0.
15 1.
15 1, 15 2.
15 1, 15 3.
15 1, 15 6.
15 1, 15 9.
15 1, 15 12.
15 1, 15 15.
15 1, 15 18.
15 1, 14 19.
15 1, 13 19.
15 1, 12 19.
15 1, 11 19.
15 1, 10 19.
15 1, 9 19.
15 1, 8 19.
15 1, 7 19.
15 1, 6 19.
15 1, 5 19.
15 1, 4 19.
15 1, 3 19.
15 1, 2 19.
15 1, 1 19.
15 1, 0 18.
15 1, 0 15.
15 1, 0 12.
15 1, 0 9.
15 1, 0 6.
15 1, 0 3.
15 1, 0 2.
15 1, 0 1.
15 2, 1 0.
15 2, 2 0.
15 2, 3 0.
15 2, 4 0.
15 2, 5 0.
15 2, 6 0.
15 2, 7 0.
15 2, 8 0.
15 2, 9 0.
15 2, 10 0.
15 2, 11 0.
15 2, 12 0.
15 2, 13 0.
15 2, 14 0.
15 2, 15 1.
15 2.
15 2, 15 3.
15 2, 15 6.
15 2, 15 9.
15 2, 15 12.
15 2, 15 15.
15 2, 15 18.
15 2, 14 19.
15 2, 13 19.
15 2, 12 19.
15 2, 11 19.
15 2, 10 19.
15 2, 9 19.
15 2, 8 19.
15 2, 7 19.
15 2, 6 19.
15 2, 5 19.
15 2, 4 19.
15 2, 3 19.
15 2, 2 19.
15 2, 1 19.
15 2, 0 18.
15 2, 0 15.
15 2, 0 12.
15 2, 0 9.
15 2, 0 6.
15 2, 0 3.
15 2, 0 2.
15 2, 0 1.
15 3, 1 0.
15 3, 2 0.
15 3, 3 0.
15 3, 4 0.
15 3, 5 0.
15 3, 6 0.
15 3, 7 0.
15 3, 8 0.
15 3, 9 0.
15 3, 10 0.
15 3, 11 0.
15 3, 12 0.
15 3, 13 0.
15 3, 14 0.
15 3, 15 1.
15 3, 15 2.
15 3.
15 3, 15 6.
15 3, 15 9.
15 3, 15 12.
15 3, 15 15.
15 3, 15 18.
15 3, 14 19.
15 3, 13 19.
15 3, 12 19.
15 3, 11 19.
15 3, 10 19.
15 3, 9 19.
15 3, 8 19.
15 3, 7 19.
15 3, 6 19.
15 3, 5 19.
15 3, 4 19.
15 3, 3 19.
15 3, 2 19.
15 3, 1 19.
15 3, 0 18.
15 3, 0 15.
15 3, 0 12.
15 3, 0 9.
15 3, 0 6.
15 3, 0 3.
15 3, 0 2.
15 3, 0 1.
15 6, 1 0.
15 6, 2 0.
15 6, 3 0.
15 6, 4 0.
15 6, 5 0.
15 6, 6 0.
15 6, 7 0.
15 6, 8 0.
15 6, 9 0.
15 6, 10 0.
15 6, 11 0.
15 6, 12 0.
15 6, 13 0.
15 6, 14 0.
15 6, 15 1.
15 6, 15 2.
15 6, 15 3.
15 6.
15 6, 15 9.
15 6, 15 12.
15 6, 15 15.
15 6, 15 18.
15 6, 14 19.
15 6, 13 19.
15 6, 12 19.
15 6, 11 19.
15 6, 10 19.
15 6, 9 19.
15 6, 8 19.
15 6, 7 19.
15 6, 6 19.
15 6, 5 19.
15 6, 4 19.
15 6, 3 19.
15 6, 2 19.
15 6, 1 19.
15 6, 0 18.
15 6, 0 15.
15 6, 0 12.
15 6, 0 9.
15 6, 0 6.
15 6, 0 3.
15 6, 0 2.
15 6, 0 1.
15 9, 1 0.
15 9, 2 0.
15 9, 3 0.
15 9, 4 0.
15 9, 5 0.
15 9, 6 0.
15 9, 7 0.
15 9, 8 0.
15 9, 9 0.
15 9, 10 0.
15 9, 11 0.
15 9, 12 0.
15 9, 13 0.
15 9, 14 0.
15 9, 15 1.
15 9, 15 2.
15 9, 15 3.
15 9, 15 6.
15 9.
15 9, 15 12.
15 9, 15 15.
15 9, 15 18.
15 9, 14 19.
15 9, 13 19.
15 9, 12 19.
15 9, 11 19.
15 9, 10 19.
15 9, 9 19.
15 9, 8 19.
15 9, 7 19.
15 9, 6 19.
15 9, 5 19.
15 9, 4 19.
15 9, 3 19.
15 9, 2 19.
15 9, 1 19.
15 9, 0 18.
15 9, 0 15.
15 9, 0 12.
15 9, 0 9.
15 9, 0 6.
15 9, 0 3.
15 9, 0 2.
15 9, 0 1.
15 12, 1 0.
15 12, 2 0.
15 12, 3 0.
15 12, 4 0.
15 12, 5 0.
15 12, 6 0.
15 12, 7 0.
15 12, 8 0.
15 12, 9 0.
15 12, 10 0.
15 12, 11 0.
15 12, 12 0.
15 12, 13 0.
15 12, 14 0.
15 12, 15 1.
15 12, 15 2.
15 12, 15 3.
15 12, 15 6.
15 12, 15 9.
15 12.
15 12, 15 15.
15 12, 15 18.
15 12, 14 19.
15 12, 13 19.
15 12, 12 19.
15 12, 11 19.
15 12, 10 19.
15 12, 9 19.
15 12, 8 19.
15 12, 7 19.
15 12, 6 19.
15 12, 5 19.
15 12, 4 19.
15 12, 3 19.
15 12, 2 19.
15 12, 1 19.
15 12, 0 18.
15 12, 0 15.
15 12, 0 12.
15 12, 0 9.
15 12, 0 6.
15 12, 0 3.
15 12, 0 2.
15 12, 0 1.
15 15, 1 0.
15 15, 2 0.
15 15, 3 0.
15 15, 4 0.
15 15, 5 0.
15 15, 6 0.
15 15, 7 0.
15 15, 8 0.
15 15, 9 0.
15 15, 10 0.
15 15, 11 0.
15 15, 12 0.
15 15, 13 0.
15 15, 14 0.
15 15, 15 1.
15 15, 15 2.
15 15, 15 3.
15 15, 15 6.
15 15, 15 9.
15 15, 15 12.
15 15.
15 15, 15 18.
15 15, 14 19.
15 15, 13 19.
15 15, 12 19.
15 15, 11 19.
15 15, 10 19.
15 15, 9 19.
15 15, 8 19.
15 15, 7 19.
15 15, 6 19.
15 15, 5 19.
15 15, 4 19.
15 15, 3 19.
15 15, 2 19.
15 15, 1 19.
15 15, 0 18.
15 15, 0 15.
15 15, 0 12.
15 15, 0 9.
15 15, 0 6.
15 15, 0 3.
15 15, 0 2.
15 15, 0 1.
15 18, 1 0.
15 18, 2 0.
15 18, 3 0.
15 18, 4 0.
15 18, 5 0.
15 18, 6 0.
15 18, 7 0.
15 18, 8 0.
15 18, 9 0.
15 18, 10 0.
15 18, 11 0.
15 18, 12 0.
15 18, 13 0.
15 18, 14 0.
15 18, 15 1.
15 18, 15 2.
15 18, 15 3.
15 18, 15 6.
15 18, 15 9.
15 18, 15 12.
15 18, 15 15.
15 18.
15 18, 14 19.
15 18, 13 19.
15 18, 12 19.
15 18, 11 19.
15 18, 10 19.
15 18, 9 19.
15 18, 8 19.
15 18, 7 19.
15 18, 6 19.
15 18, 5 19.
15 18, 4 19.
15 18, 3 19.
15 18, 2 19.
15 18, 1 19.
15 18, 0 18.
15 18, 0 15.
15 18, 0 12.
15 18, 0 9.
15 18, 0 6.
15 18, 0 3.
15 18, 0 2.
15 18, 0 1.
14 19, 1 0.
14 19, 2 0.
14 19, 3 0.
14 19, 4 0.
14 19, 5 0.
14 19, 6 0.
14 19, 7 0.
14 19, 8 0.
14 19, 9 0.
14 19, 10 0.
14 19, 11 0.
14 19, 12 0.
14 19, 13 0.
14 19, 14 0.
14 19, 15 1.
14 19, 15 2.
14 19, 15 3.
14 19, 15 6.
14 19, 15 9.
14 19, 15 12.
14 19, 15 15.
14 19, 15 18.
14 19.
14 19, 13 19.
14 19, 12 19.
14 19, 11 19.
14 19, 10 19.
14 19, 9 19.
14 19, 8 19.
14 19, 7 19.
14 19, 6 19.
14 19, 5 19.
14 19, 4 19.
14 19, 3 19.
14 19, 2 19.
14 19, 1 19.
14 19, 0 18.
14 19, 0 15.
14 19, 0 12.
14 19, 0 9.
14 19, 0 6.
14 19, 0 3.
14 19, 0 2.
14 19, 0 1.
13 19, 1 0.
13 19, 2 0.
13 19, 3 0.
13 19, 4 0.
13 19, 5 0.
13 19, 6 0.
13 19, 7 0.
13 19, 8 0.
13 19, 9 0.
13 19, 10 0.
13 19, 11 0.
13 19, 12 0.
13 19, 13 0.
13 19, 14 0.
13 19, 15 1.
13 19, 15 2.
13 19, 15 3.
13 19, 15 6.
13 19, 15 9.
13 19, 15 12.
13 19, 15 15.
13 19, 15 18.
13 19, 14 19.
13 19.
13 19, 12 19.
13 19, 11 19.
13 19, 10 19.
13 19, 9 19.
13 19, 8 19.
13 19, 7 19.
13 19, 6 19.
13 19, 5 19.
13 19, 4 19.
13 19, 3 19.
13 19, 2 19.
13 19, 1 19.
13 19, 0 18.
13 19, 0 15.
13 19, 0 12.
13 19, 0 9.
13 19, 0 6.
13 19, 0 3.
13 19, 0 2.
13 19, 0 1.
12 19, 1 0.
12 19, 2 0.
12 19, 3 0.
12 19, 4 0.
12 19, 5 0.
12 19, 6 0.
12 19, 7 0.
12 19, 8 0.
12 19, 9 0.
12 19, 10 0.
12 19, 11 0.
12 19, 12 0.
12 19, 13 0.
12 19, 14 0.
12 19, 15 1.
12 19, 15 2.
12 19, 15 3.
12 19, 15 6.
12 19, 15 9.
12 19, 15 12.
12 19, 15 15.
12 19, 15 18.
12 19, 14 19.
12 19, 13 19.
12 19.
12 19, 11 19.
12 19, 10 19.
12 19, 9 19.
12 19, 8 19.
12 19, 7 19.
12 19, 6 19.
12 19, 5 19.
12 19, 4 19.
12 19, 3 19.
12 19, 2 19.
12 19, 1 19.
12 19, 0 18.
12 19, 0 15.
12 19, 0 12.
12 19, 0 9.
12 19, 0 6.
12 19, 0 3.
12 19, 0 2.
12 19, 0 1.
11 19, 1 0.
11 19, 2 0.
11 19, 3 0.
11 19, 4 0.
11 19, 5 0.
11 19, 6 0.
11 19, 7 0.
11 19, 8 0.
11 19, 9 0.
11 19, 10 0.
11 19, 11 0.
11 19, 12 0.
11 19, 13 0.
11 19, 14 0.
11 19, 15 1.
11 19, 15 2.
11 19, 15 3.
11 19, 15 6.
11 19, 15 9.
11 19, 15 12.
11 19, 15 15.
11 19, 15 18.
11 19, 14 19.
11 19, 13 19.
11 19, 12 19.
11 19.
11 19, 10 19.
11 19, 9 19.
11 19, 8 19.
11 19, 7 19.
11 19, 6 19.
11 19, 5 19.
11 19, 4 19.
11 19, 3 19.
11 19, 2 19.
11 19, 1 19.
11 19, 0 18.
11 19, 0 15.
11 19, 0 12.
11 19, 0 9.
11 19, 0 6.
11 19, 0 3.
11 19, 0 2.
11 19, 0 1.
10 19, 1 0.
10 19, 2 0.
10 19, 3 0.
10 19, 4 0.
10 19, 5 0.
10 19, 6 0.
10 19, 7 0.
10 19, 8 0.
10 19, 9 0.
10 19, 10 0.
10 19, 11 0.
10 19, 12 0.
10 19, 13 0.
10 19, 14 0.
10 19, 15 1.
10 19, 15 2.
10 19, 15 3.
10 19, 15 6.
10 19, 15 9.
10 19, 15 12.
10 19, 15 15.
10 19, 15 18.
10 19, 14 19.
10 19, 13 19.
10 19, 12 19.
10 19, 11 19.
10 19.
10 19, 9 19.
10 19, 8 19.
10 19, 7 19.
10 19, 6 19.
10 19, 5 19.
10 19, 4 19.
10 19, 3 19.
10 19, 2 19.
10 19, 1 19.
10 19, 0 18.
10 19, 0 15.
10 19, 0 12.
10 19, 0 9.
10 19, 0 6.
10 19, 0 3.
10 19, 0 2.
10 19, 0 1.
9 19, 1 0.
9 19, 2 0.
9 19, 3 0.
9 19, 4 0.
9 19, 5 0.
9 19, 6 0.
9 19, 7 0.
9 19, 8 0.
9 19, 9 0.
9 19, 10 0.
9 19, 11 0.
9 19, 12 0.
9 19, 13 0.
9 19, 14 0.
9 19, 15 1.
9 19, 15 2.
9 19, 15 3.
9 19, 15 6.
9 19, 15 9.
9 19, 15 12.
9 19, 15 15.
9 19, 15 18.
9 19, 14 19.
9 19, 13 19.
9 19, 12 19.
9 19, 11 19.
9 19, 10 19.
9 19.
9 19, 8 19.
9 19, 7 19.
9 19, 6 19.
9 19, 5 19.
9 19, 4 19.
9 19, 3 19.
9 19, 2 19.
9 19, 1 19.
9 19, 0 18.
9 19, 0 15.
9 19, 0 12.
9 19, 0 9.
9 19, 0 6.
9 19, 0 3.
9 19, 0 2.
9 19, 0 1.
8 19, 1 0.
8 19, 2 0.
8 19, 3 0.
8 19, 4 0.
8 19, 5 0.
8 19, 6 0.
8 19, 7 0.
8 19, 8 0.
8 19, 9 0.
8 19, 10 0.
8 19, 11 0.
8 19, 12 0.
8 19, 13 0.
8 19, 14 0.
8 19, 15 1.
8 19, 15 2.
8 19, 15 3.
8 19, 15 6.
8 19, 15 9.
8 19, 15 12.
8 19, 15 15.
8 19, 15 18.
8 19, 14 19.
8 19, 13 19.
8 19, 12 19.
8 19, 11 19.
8 19, 10 19.
8 19, 9 19.
8 19.
8 19, 7 19.
8 19, 6 19.
8 19, 5 19.
8 19, 4 19.
8 19, 3 19.
8 19, 2 19.
8 19, 1 19.
8 19, 0 18.
8 19, 0 15.
8 19, 0 12.
8 19, 0 9.
8 19, 0 6.
8 19, 0 3.
8 19, 0 2.
8 19, 0 1.
7 19, 1 0.
7 19, 2 0.
7 19, 3 0.
7 19, 4 0.
7 19, 5 0.
7 19, 6 0.
7 19, 7 0.
7 19, 8 0.
7 19, 9 0.
7 19, 10 0.
7 19, 11 0.
7 19, 12 0.
7 19, 13 0.
7 19, 14 0.
7 19, 15 1.
7 19, 15 2.
7 19, 15 3.
7 19, 15 6.
7 19, 15 9.
7 19, 15 12.
7 19, 15 15.
7 19, 15 18.
7 19, 14 19.
7 19, 13 19.
7 19, 12 19.
7 19, 11 19.
7 19, 10 19.
7 19, 9 19.
7 19, 8 19.
7 19.
7 19, 6 19.
7 19, 5 19.
7 19, 4 19.
7 19, 3 19.
7 19, 2 19.
7 19, 1 19.
7 19, 0 18.
7 19, 0 15.
7 19, 0 12.
7 19, 0 9.
7 19, 0 6.
7 19, 0 3.
7 19, 0 2.
7 19, 0 1.
6 19, 1 0.
6 19, 2 0.
6 19, 3 0.
6 19, 4 0.
6 19, 5 0.
6 19, 6 0.
6 19, 7 0.
6 19, 8 0.
6 19, 9 0.
6 19, 10 0.
6 19, 11 0.
6 19, 12 0.
6 19, 13 0.
6 19, 14 0.
6 19, 15 1.
6 19, 15 2.
6 19, 15 3.
6 19, 15 6.
6 19, 15 9.
6 19, 15 12.
6 19, 15 15.
6 19, 15 18.
6 19, 14 19.
6 19, 13 19.
6 19, 12 19.
6 19, 11 19.
6 19, 10 19.
6 19, 9 19.
6 19, 8 19.
6 19, 7 19.
6 19.
6 19, 5 19.
6 19, 4 19.
6 19, 3 19.
6 19, 2 19.
6 19, 1 19.
6 19, 0 18.
6 19, 0 15.
6 19, 0 12.
6 19, 0 9.
6 19, 0 6.
6 19, 0 3.
6 19, 0 2.
6 19, 0 1.
5 19, 1 0.
5 19, 2 0.
5 19, 3 0.
5 19, 4 0.
5 19, 5 0.
5 19, 6 0.
5 19, 7 0.
5 19, 8 0.
5 19, 9 0.
5 19, 10 0.
5 19, 11 0.
5 19, 12 0.
5 19, 13 0.
5 19, 14 0.
5 19, 15 1.
5 19, 15 2.
5 19, 15 3.
5 19, 15 6.
5 19, 15 9.
5 19, 15 12.
5 19, 15 15.
5 19, 15 18.
5 19, 14 19.
5 19, 13 19.
5 19, 12 19.
5 19, 11 19.
5 19, 10 19.
5 19, 9 19.
5 19, 8 19.
5 19, 7 19.
5 19, 6 19.
5 19.
5 19, 4 19.
5 19, 3 19.
5 19, 2 19.
5 19, 1 19.
5 19, 0 18.
5 19, 0 15.
5 19, 0 12.
5 19, 0 9.
5 19, 0 6.
5 19, 0 3.
5 19, 0 2.
5 19, 0 1.
4 19, 1 0.
4 19, 2 0.
4 19, 3 0.
4 19, 4 0.
4 19, 5 0.
4 19, 6 0.
4 19, 7 0.
4 19, 8 0.
4 19, 9 0.
4 19, 10 0.
4 19, 11 0.
4 19, 12 0.
4 19, 13 0.
4 19, 14 0.
4 19, 15 1.
4 19, 15 2.
4 19, 15 3.
4 19, 15 6.
4 19, 15 9.
4 19, 15 12.
4 19, 15 15.
4 19, 15 18.
4 19, 14 19.
4 19, 13 19.
4 19, 12 19.
4 19, 11 19.
4 19, 10 19.
4 19, 9 19.
4 19, 8 19.
4 19, 7 19.
4 19, 6 19.
4 19, 5 19.
4 19.
4 19, 3 19.
4 19, 2 19.
4 19, 1 19.
4 19, 0 18.
4 19, 0 15.
4 19, 0 12.
4 19, 0 9.
4 19, 0 6.
4 19, 0 3.
4 19, 0 2.
4 19, 0 1.
3 19, 1 0.
3 19, 2 0.
3 19, 3 0.
3 19, 4 0.
3 19, 5 0.
3 19, 6 0.
3 19, 7 0.
3 19, 8 0.
3 19, 9 0.
3 19, 10 0.
3 19, 11 0.
3 19, 12 0.
3 19, 13 0.
3 19, 14 0.
3 19, 15 1.
3 19, 15 2.
3 19, 15 3.
3 19, 15 6.
3 19, 15 9.
3 19, 15 12.
3 19, 15 15.
3 19, 15 18.
3 19, 14 19.
3 19, 13 19.
3 19, 12 19.
3 19, 11 19.
3 19, 10 19.
3 19, 9 19.
3 19, 8 19.
3 19, 7 19.
3 19, 6 19.
3 19, 5 19.
3 19, 4 19.
3 19.
3 19, 2 19.
3 19, 1 19.
3 19, 0 18.
3 19, 0 15.
3 19, 0 12.
3 19, 0 9.
3 19, 0 6.
3 19, 0 3.
3 19, 0 2.
3 19, 0 1.
2 19, 1 0.
2 19, 2 0.
2 19, 3 0.
2 19, 4 0.
2 19, 5 0.
2 19, 6 0.
2 19, 7 0.
2 19, 8 0.
2 19, 9 0.
2 19, 10 0.
2 19, 11 0.
2 19, 12 0.
2 19, 13 0.
2 19, 14 0.
2 19, 15 1.
2 19, 15 2.
2 19, 15 3.
2 19, 15 6.
2 19, 15 9.
2 19, 15 12.
2 19, 15 15.
2 19, 15 18.
2 19, 14 19.
2 19, 13 19.
2 19, 12 19.
2 19, 11 19.
2 19, 10 19.
2 19, 9 19.
2 19, 8 19.
2 19, 7 19.
2 19, 6 19.
2 19, 5 19.
2 19, 4 19.
2 19, 3 19.
2 19.
2 19, 1 19.
2 19, 0 18.
2 19, 0 15.
2 19, 0 12.
2 19, 0 9.
2 19, 0 6.
2 19, 0 3.
2 19, 0 2.
2 19, 0 1.
1 19, 1 0.
1 19, 2 0.
1 19, 3 0.
1 19, 4 0.
1 19, 5 0.
1 19, 6 0.
1 19, 7 0.
1 19, 8 0.
1 19, 9 0.
1 19, 10 0.
1 19, 11 0.
1 19, 12 0.
1 19, 13 0.
1 19, 14 0.
1 19, 15 1.
1 19, 15 2.
1 19, 15 3.
1 19, 15 6.
1 19, 15 9.
1 19, 15 12.
1 19, 15 15.
1 19, 15 18.
1 19, 14 19.
1 19, 13 19.
1 19, 12 19.
1 19, 11 19.
1 19, 10 19.
1 19, 9 19.
1 19, 8 19.
1 19, 7 19.
1 19, 6 19.
1 19, 5 19.
1 19, 4 19.
1 19, 3 19.
1 19, 2 19.
1 19.
1 19, 0 18.
1 19, 0 15.
1 19, 0 12.
1 19, 0 9.
1 19, 0 6.
1 19, 0 3.
1 19, 0 2.
1 19, 0 1.
0 18, 1 0.
0 18, 2 0.
0 18, 3 0.
0 18, 4 0.
0 18, 5 0.
0 18, 6 0.
0 18, 7 0.
0 18, 8 0.
0 18, 9 0.
0 18, 10 0.
0 18, 11 0.
0 18, 12 0.
0 18, 13 0.
0 18, 14 0.
0 18, 15 1.
0 18, 15 2.
0 18, 15 3.
0 18, 15 6.
0 18, 15 9.
0 18, 15 12.
0 18, 15 15.
0 18, 15 18.
0 18, 14 19.
0 18, 13 19.
0 18, 12 19.
0 18, 11 19.
0 18, 10 19.
0 18, 9 19.
0 18, 8 19.
0 18, 7 19.
0 18, 6 19.
0 18, 5 19.
0 18, 4 19.
0 18, 3 19.
0 18, 2 19.
0 18, 1 19.
0 18.
0 18, 0 15.
0 18, 0 12.
0 18, 0 9.
0 18, 0 6.
0 18, 0 3.
0 18, 0 2.
0 18, 0 1.
0 15, 1 0.
0 15, 2 0.
0 15, 3 0.
0 15, 4 0.
0 15, 5 0.
0 15, 6 0.
0 15, 7 0.
0 15, 8 0.
0 15, 9 0.
0 15, 10 0.
0 15, 11 0.
0 15, 12 0.
0 15, 13 0.
0 15, 14 0.
0 15, 15 1.
0 15, 15 2.
0 15, 15 3.
0 15, 15 6.
0 15, 15 9.
0 15, 15 12.
0 15, 15 15.
0 15, 15 18.
0 15, 14 19.
0 15, 13 19.
0 15, 12 19.
0 15, 11 19.
0 15, 10 19.
0 15, 9 19.
0 15, 8 19.
0 15, 7 19.
0 15, 6 19.
0 15, 5 19.
0 15, 4 19.
0 15, 3 19.
0 15, 2 19.
0 15, 1 19.
0 15, 0 18.
0 15.
0 15, 0 12.
0 15, 0 9.
0 15, 0 6.
0 15, 0 3.
0 15, 0 2.
0 15, 0 1.
0 12, 1 0.
0 12, 2 0.
0 12, 3 0.
0 12, 4 0.
0 12, 5 0.
0 12, 6 0.
0 12, 7 0.
0 12, 8 0.
0 12, 9 0.
0 12, 10 0.
0 12, 11 0.
0 12, 12 0.
0 12, 13 0.
0 12, 14 0.
0 12, 15 1.
0 12, 15 2.
0 12, 15 3.
0 12, 15 6.
0 12, 15 9.
0 12, 15 12.
0 12, 15 15.
0 12, 15 18.
0 12, 14 19.
0 12, 13 19.
0 12, 12 19.
0 12, 11 19.
0 12, 10 19.
0 12, 9 19.
0 12, 8 19.
0 12, 7 19.
0 12, 6 19.
0 12, 5 19.
0 12, 4 19.
0 12, 3 19.
0 12, 2 19.
0 12, 1 19.
0 12, 0 18.
0 12, 0 15.
0 12.
0 12, 0 9.
0 12, 0 6.
0 12, 0 3.
0 12, 0 2.
0 12, 0 1.
0 9, 1 0.
0 9, 2 0.
0 9, 3 0.
0 9, 4 0.
0 9, 5 0.
0 9, 6 0.
0 9, 7 0.
0 9, 8 0.
0 9, 9 0.
0 9, 10 0.
0 9, 11 0.
0 9, 12 0.
0 9, 13 0.
0 9, 14 0.
0 9, 15 1.
0 9, 15 2.
0 9, 15 3.
0 9, 15 6.
0 9, 15 9.
0 9, 15 12.
0 9, 15 15.
0 9, 15 18.
0 9, 14 19.
0 9, 13 19.
0 9, 12 19.
0 9, 11 19.
0 9, 10 19.
0 9, 9 19.
0 9, 8 19.
0 9, 7 19.
0 9, 6 19.
0 9, 5 19.
0 9, 4 19.
0 9, 3 19.
0 9, 2 19.
0 9, 1 19.
0 9, 0 18.
0 9, 0 15.
0 9, 0 12.
0 9.
0 9, 0 6.
0 9, 0 3.
0 9, 0 2.
0 9, 0 1.
0 6, 1 0.
0 6, 2 0.
0 6, 3 0.
0 6, 4 0.
0 6, 5 0.
0 6, 6 0.
0 6, 7 0.
0 6, 8 0.
0 6, 9 0.
0 6, 10 0.
0 6, 11 0.
0 6, 12 0.
0 6, 13 0.
0 6, 14 0.
0 6, 15 1.
0 6, 15 2.
0 6, 15 3.
0 6, 15 6.
0 6, 15 9.
0 6, 15 12.
0 6, 15 15.
0 6, 15 18.
0 6, 14 19.
0 6, 13 19.
0 6, 12 19.
0 6, 11 19.
0 6, 10 19.
0 6, 9 19.
0 6, 8 19.
0 6, 7 19.
0 6, 6 19.
0 6, 5 19.
0 6, 4 19.
0 6, 3 19.
0 6, 2 19.
0 6, 1 19.
0 6, 0 18.
0 6, 0 15.
0 6, 0 12.
0 6, 0 9.
0 6.
0 6, 0 3.
0 6, 0 2.
0 6, 0 1.
0 3, 1 0.
0 3, 2 0.
0 3, 3 0.
0 3, 4 0.
0 3, 5 0.
0 3, 6 0.
0 3, 7 0.
0 3, 8 0.
0 3, 9 0.
0 3, 10 0.
0 3, 11 0.
0 3, 12 0.
0 3, 13 0.
0 3, 14 0.
0 3, 15 1.
0 3, 15 2.
0 3, 15 3.
0 3, 15 6.
0 3, 15 9.
0 3, 15 12.
0 3, 15 15.
0 3, 15 18.
0 3, 14 19.
0 3, 13 19.
0 3, 12 19.
0 3, 11 19.
0 3, 10 19.
0 3, 9 19.
0 3, 8 19.
0 3, 7 19.
0 3, 6 19.
0 3, 5 19.
0 3, 4 19.
0 3, 3 19.
0 3, 2 19.
0 3, 1 19.
0 3, 0 18.
0 3, 0 15.
0 3, 0 12.
0 3, 0 9.
0 3, 0 6.
0 3.
0 3, 0 2.
0 3, 0 1.
0 2, 1 0.
0 2, 2 0.
0 2, 3 0.
0 2, 4 0.
0 2, 5 0.
0 2, 6 0.
0 2, 7 0.
0 2, 8 0.
0 2, 9 0.
0 2, 10 0.
0 2, 11 0.
0 2, 12 0.
0 2, 13 0.
0 2, 14 0.
0 2, 15 1.
0 2, 15 2.
0 2, 15 3.
0 2, 15 6.
0 2, 15 9.
0 2, 15 12.
0 2, 15 15.
0 2, 15 18.
0 2, 14 19.
0 2, 13 19.
0 2, 12 19.
0 2, 11 19.
0 2, 10 19.
0 2, 9 19.
0 2, 8 19.
0 2, 7 19.
0 2, 6 19.
0 2, 5 19.
0 2, 4 19.
0 2, 3 19.
0 2, 2 19.
0 2, 1 19.
0 2, 0 18.
0 2, 0 15.
0 2, 0 12.
0 2, 0 9.
0 2, 0 6.
0 2, 0 3.
0 2.
0 2, 0 1.
0 1, 1 0.
0 1, 2 0.
0 1, 3 0.
0 1, 4 0.
0 1, 5 0.
0 1, 6 0.
0 1, 7 0.
0 1, 8 0.
0 1, 9 0.
0 1, 10 0.
0 1, 11 0.
0 1, 12 0.
0 1, 13 0.
0 1, 14 0.
0 1, 15 1.
0 1, 15 2.
0 1, 15 3.
0 1, 15 6.
0 1, 15 9.
0 1, 15 12.
0 1, 15 15.
0 1, 15 18.
0 1, 14 19.
0 1, 13 19.
0 1, 12 19.
0 1, 11 19.
0 1, 10 19.
0 1, 9 19.
0 1, 8 19.
0 1, 7 19.
0 1, 6 19.
0 1, 5 19.
0 1, 4 19.
0 1, 3 19.
0 1, 2 19.
0 1, 1 19.
0 1, 0 18.
0 1, 0 15.
0 1, 0 12.
0 1, 0 9.
0 1, 0 6.
0 1, 0 3.
0 1, 0 2.
0 1.
